 Protein Probability
           0  0.14636919149077429     
           1   6.6788393603497292E-004
           2   2.7076550192999303E-004
           3   2.0983418728495910E-004
           4   1.7952990389516306E-004
           5   1.6014289247479269E-004
           6   1.4628855609381090E-004
           7   1.3573433681694948E-004
           8   1.2734947612636649E-004
           9   1.2048803090550072E-004
          10   1.1475038167173854E-004
          11   1.0987507032531800E-004
          12   1.0568364093435240E-004
          13   1.0204950148697864E-004
          14   9.8878496928553005E-005
          15   9.6095667041755782E-005
          16   9.3635860148260215E-005
          17   9.1437495720849093E-005
          18   8.9439467444399766E-005
          19   8.7581202260591929E-005
          20   8.5805452145873350E-005
          21   8.4062777047357281E-005
          22   8.2316194295055281E-005
          23   8.0544356587568223E-005
          24   7.8741920060574586E-005
          25   7.6916184517252558E-005
          26   7.5077855453387042E-005
          27   7.3203766545822230E-005
          28   7.0911727785613878E-005
          29   6.3772117509718534E-005
