 mRNA Probability
           0  0.14643989514079400     
           1   3.0583629650811995E-004
           2   2.6440065694719768E-004
           3   2.5925391820292551E-004
           4   2.5809820815170508E-004
           5   2.5823812883998603E-004
           6   2.5894843112409286E-004
           7   2.5985408194472613E-004
           8   2.6039451932326175E-004
           9   2.5928160954115777E-004
          10   2.5408277716258048E-004
          11   2.4156574454745584E-004
          12   2.1917136030620595E-004
          13   1.8688363937384753E-004
          14   1.4800926694914736E-004
          15   1.0805706319490201E-004
          16   7.2441403254059234E-005
          17   4.4546823628423069E-005
          18   2.5146865921239588E-005
          19   1.3056845826269415E-005
          20   6.2520660313167937E-006
          21   2.7690674953190699E-006
          22   1.1379435118746446E-006
          23   4.3525064553829007E-007
          24   1.5542185353481914E-007
          25   5.1964865093093913E-008
          26   1.6313323456642320E-008
          27   4.8211918799075957E-009
          28   1.3446956761991019E-009
          29   3.5478471291172361E-010
          30   8.8741924704186915E-011
          31   2.1086719961987065E-011
          32   4.7691798778010872E-012
          33   1.0285368334434895E-012
          34   2.1187358164134290E-013
          35   4.1755118580966830E-014
          36   7.8844750348862478E-015
          37   1.4285066667405745E-015
          38   2.4866769396342536E-016
          39   4.1642111031640700E-017
          40   6.7164676975240693E-018
          41   1.0445628062248179E-018
          42   1.5681164432173353E-019
          43   2.2746406092194046E-020
          44   3.1912160299618508E-021
          45   4.3341697514575068E-022
          46   5.7034790601860361E-023
          47   7.2780964393526465E-024
          48   9.0132754565399569E-025
          49   1.0840801528344319E-025
          50   1.2672615555657824E-026
          51   1.4407729853045572E-027
          52   1.5941697521413928E-028
          53   1.7177356317317801E-029
          54   1.8035258493877947E-030
          55   1.8462198286491570E-031
          56   1.8436562466159151E-032
          57   1.7969784667771095E-033
          58   1.7103854435331876E-034
          59   1.5905471185084430E-035
          60   1.4457914112564789E-036
          61   1.2851941709770099E-037
          62   1.1177020372656829E-038
          63   9.5139490248012386E-040
          64   7.9295736445397350E-041
          65   6.4738650669492380E-042
          66   5.1792502125855976E-043
          67   4.0618008873549852E-044
          68   3.1237233576083983E-045
          69   2.3565536113217998E-046
          70   1.7445229714737863E-047
          71   1.2676805759370774E-048
          72   9.0450612962586130E-050
          73   6.3388763471008269E-051
          74   4.3645418816297670E-052
          75   2.9533393984623761E-053
          76   1.9645151121184194E-054
          77   1.2849321744960955E-055
          78   8.2660870166253390E-057
          79   5.2314680264642431E-058
          80   3.2580429909763846E-059
          81   1.9971123992420009E-060
          82   1.2052042282989091E-061
          83   7.1619035708116082E-063
          84   4.1917991687375582E-064
          85   2.4173701014949288E-065
          86   1.2324866087931448E-066
          87   4.7395391450717762E-066
          88  -1.5002818953848290E-064
          89   4.6860611825403982E-063
          90  -1.4203981368284875E-061
          91   4.1772789324290405E-060
          92  -1.1916610796021546E-058
          93   3.2966673455279974E-057
          94  -8.8417849621433052E-056
          95   2.2983616256707578E-054
          96  -5.7885910094842291E-053
          97   1.4120720385423619E-051
          98  -3.3351402574010009E-050
          99   7.6239179801484099E-049
         100  -1.6860560170571849E-047
         101   3.6058427816087191E-046
         102  -7.4538677547640976E-045
         103   1.4886161704055069E-043
         104  -2.8706615661603602E-042
         105   5.3424014812421732E-041
         106  -9.5893068045111806E-040
         107   1.6590426171395079E-038
         108  -2.7647261732674932E-037
         109   4.4346067758186343E-036
         110  -6.8411389231377450E-035
         111   1.0141672576664473E-033
         112  -1.4434760911330696E-032
         113   1.9706528209398431E-031
         114  -2.5778672152308165E-030
         115   3.2275611289385490E-029
         116  -3.8630091037191930E-028
         117   4.4141150554427506E-027
         118  -4.8084779167246374E-026
         119   4.9858668312109573E-025
         120  -4.9124911408662107E-024
         121   4.5906772259887554E-023
         122  -4.0603850798383096E-022
         123   3.3913853534581784E-021
         124  -2.6680640357599623E-020
         125   1.9714209784740467E-019
         126  -1.3637043697025618E-018
         127   8.7986842543926283E-018
         128  -5.2726846938181050E-017
         129   2.9202780235170232E-016
         130  -1.4861998475978888E-015
         131   6.9020554089679065E-015
         132  -2.9003571873419250E-014
         133   1.0911776095921588E-013
         134  -3.6254370627451149E-013
         135   1.0442421736657567E-012
         136  -2.5387855803066227E-012
         137   4.9937169909512674E-012
         138  -7.3398047220403205E-012
         139   6.5358804313734105E-012
