3.000000000000000000e+01 3.400000000000000000e+01 1.735357917570498898e-01 1.687201864947701982e-02
3.400000000000000000e+01 3.800000000000000000e+01 1.800433839479392562e-01 1.796181647005826859e-02
3.800000000000000000e+01 4.200000000000000000e+01 1.084598698481561846e-01 1.464041946869725982e-02
4.200000000000000000e+01 4.600000000000000000e+01 1.062906724511930578e-01 1.436323513707588907e-02
4.600000000000000000e+01 5.000000000000000000e+01 9.761388286334056474e-02 1.471165931365532066e-02
5.000000000000000000e+01 5.400000000000000000e+01 4.989154013015184574e-02 1.032889348146255430e-02
5.400000000000000000e+01 5.800000000000000000e+01 5.856832971800433885e-02 1.080515592479973017e-02
5.800000000000000000e+01 6.200000000000000000e+01 5.422993492407809230e-02 1.062281407936256812e-02
6.200000000000000000e+01 6.600000000000000000e+01 2.819956616052060605e-02 7.494028967245183054e-03
6.600000000000000000e+01 7.000000000000000000e+01 2.386117136659435950e-02 6.996754484199520750e-03
7.000000000000000000e+01 7.400000000000000000e+01 1.301518438177874139e-02 5.424400791040623858e-03
7.400000000000000000e+01 7.800000000000000000e+01 1.735357917570498967e-02 6.260197223451335023e-03
7.800000000000000000e+01 8.200000000000000000e+01 1.301518438177874139e-02 5.393661923234050089e-03
8.200000000000000000e+01 8.600000000000000000e+01 1.952277657266811295e-02 6.530986086958324131e-03
8.600000000000000000e+01 9.000000000000000000e+01 1.301518438177874139e-02 5.255777514481111898e-03
9.000000000000000000e+01 9.400000000000000000e+01 6.507592190889370694e-03 3.864417540190652825e-03
9.400000000000000000e+01 9.800000000000000000e+01 4.338394793926247418e-03 2.996649769571304352e-03
9.800000000000000000e+01 1.020000000000000000e+02 1.301518438177874139e-02 5.160412284691767194e-03
1.020000000000000000e+02 1.060000000000000000e+02 2.169197396963123709e-03 1.989067451185258604e-03
1.060000000000000000e+02 1.100000000000000000e+02 8.676789587852494837e-03 4.416072241493836266e-03
1.100000000000000000e+02 1.140000000000000000e+02 6.507592190889370694e-03 3.645741811779349122e-03
1.140000000000000000e+02 1.180000000000000000e+02 2.169197396963123709e-03 2.226887839727621082e-03
